3997.61403   0.98098
3996.18273   0.98103
3994.75144   0.98108
3993.32014   0.98111
3991.88884   0.98111
3990.45754    0.9811
3989.02625   0.98107
3987.59495   0.98104
3986.16365     0.981
3984.73235   0.98097
3983.30106   0.98096
3981.86976   0.98096
3980.43846   0.98095
3979.00716   0.98093
3977.57587   0.98092
3976.14457   0.98091
3974.71327   0.98093
3973.28197   0.98098
3971.85068   0.98104
3970.41938   0.98112
3968.98808   0.98121
3967.55678   0.98132
3966.12549    0.9814
3964.69419   0.98143
3963.26289   0.98141
3961.83159   0.98138
 3960.4003   0.98135
  3958.969   0.98133
 3957.5377   0.98132
 3956.1064   0.98132
 3954.6751   0.98132
3953.24381    0.9813
3951.81251   0.98129
3950.38121   0.98131
3948.94991   0.98138
3947.51862   0.98143
3946.08732   0.98142
3944.65602    0.9814
3943.22472    0.9814
3941.79343   0.98145
3940.36213    0.9815
3938.93083    0.9815
3937.49953   0.98145
3936.06824   0.98139
3934.63694   0.98135
3933.20564   0.98133
3931.77434   0.98135
3930.34305   0.98139
3928.91175   0.98141
3927.48045   0.98139
3926.04915   0.98137
3924.61786   0.98141
3923.18656   0.98149
3921.75526   0.98154
3920.32396   0.98153
3918.89267   0.98148
3917.46137   0.98145
3916.03007   0.98144
3914.59877   0.98142
3913.16748   0.98135
3911.73618   0.98122
3910.30488   0.98105
3908.87358   0.98087
3907.44229   0.98071
3906.01099   0.98067
3904.57969    0.9808
3903.14839   0.98104
 3901.7171   0.98129
 3900.2858   0.98148
 3898.8545   0.98162
 3897.4232    0.9817
3895.99191   0.98171
3894.56061   0.98168
3893.12931   0.98168
3891.69801   0.98175
3890.26672   0.98182
3888.83542   0.98181
3887.40412   0.98174
3885.97282   0.98166
3884.54153   0.98161
3883.11023   0.98158
3881.67893   0.98162
3880.24763   0.98174
3878.81634   0.98185
3877.38504   0.98188
3875.95374   0.98184
3874.52244   0.98181
3873.09115   0.98185
3871.65985   0.98196
3870.22855   0.98211
3868.79725   0.98219
3867.36595   0.98213
3865.93466   0.98199
3864.50336    0.9819
3863.07206   0.98193
3861.64076   0.98202
3860.20947   0.98207
3858.77817   0.98203
3857.34687   0.98195
3855.91557   0.98192
3854.48428   0.98206
3853.05298   0.98235
3851.62168    0.9826
3850.19038   0.98269
3848.75909   0.98265
3847.32779   0.98255
3845.89649   0.98243
3844.46519   0.98233
 3843.0339   0.98226
 3841.6026   0.98225
 3840.1713   0.98233
   3838.74    0.9825
3837.30871   0.98268
3835.87741   0.98278
3834.44611   0.98278
3833.01481   0.98277
3831.58352   0.98276
3830.15222   0.98275
3828.72092    0.9827
3827.28962   0.98264
3825.85833   0.98257
3824.42703   0.98251
3822.99573   0.98248
3821.56443   0.98252
3820.13314   0.98262
3818.70184   0.98267
3817.27054   0.98267
3815.83924   0.98266
3814.40795   0.98266
3812.97665   0.98262
3811.54535   0.98257
3810.11405   0.98256
3808.68276   0.98265
3807.25146   0.98282
3805.82016   0.98295
3804.38886     0.983
3802.95757   0.98305
3801.52627    0.9832
3800.09497   0.98339
3798.66367    0.9835
3797.23238   0.98352
3795.80108   0.98349
3794.36978   0.98344
3792.93848   0.98338
3791.50719   0.98333
3790.07589   0.98333
3788.64459   0.98336
3787.21329   0.98342
  3785.782   0.98348
 3784.3507   0.98353
 3782.9194   0.98354
 3781.4881   0.98354
 3780.0568   0.98357
3778.62551   0.98363
3777.19421   0.98368
3775.76291   0.98368
3774.33161   0.98362
3772.90032   0.98356
3771.46902   0.98352
3770.03772   0.98353
3768.60642   0.98354
3767.17513   0.98355
3765.74383   0.98355
3764.31253   0.98356
3762.88123   0.98357
3761.44994   0.98358
3760.01864   0.98363
3758.58734   0.98372
3757.15604    0.9838
3755.72475    0.9838
3754.29345   0.98373
3752.86215    0.9837
3751.43085   0.98385
3749.99956   0.98416
3748.56826   0.98445
3747.13696   0.98462
3745.70566   0.98474
3744.27437   0.98487
3742.84307   0.98497
3741.41177     0.985
3739.98047   0.98495
3738.54918   0.98487
3737.11788    0.9848
3735.68658    0.9848
3734.25528   0.98491
3732.82399   0.98505
3731.39269   0.98514
3729.96139   0.98512
3728.53009   0.98502
 3727.0988    0.9849
 3725.6675   0.98482
 3724.2362   0.98478
 3722.8049   0.98478
3721.37361    0.9848
3719.94231   0.98483
3718.51101   0.98483
3717.07971   0.98477
3715.64842   0.98466
3714.21712   0.98453
3712.78582   0.98448
3711.35452   0.98461
3709.92323   0.98485
3708.49193   0.98507
3707.06063   0.98517
3705.62933   0.98519
3704.19804   0.98522
3702.76674    0.9853
3701.33544   0.98545
3699.90414   0.98557
3698.47285   0.98561
3697.04155   0.98558
3695.61025   0.98551
3694.17895   0.98542
3692.74765   0.98534
3691.31636   0.98531
3689.88506   0.98536
3688.45376    0.9855
3687.02246   0.98562
3685.59117   0.98565
3684.15987   0.98558
3682.72857   0.98546
3681.29727   0.98532
3679.86598   0.98524
3678.43468   0.98525
3677.00338    0.9854
3675.57208   0.98564
3674.14079   0.98579
3672.70949   0.98577
3671.27819   0.98566
3669.84689   0.98558
 3668.4156   0.98559
 3666.9843    0.9856
  3665.553   0.98559
 3664.1217   0.98553
3662.69041   0.98546
3661.25911   0.98539
3659.82781   0.98533
3658.39651   0.98533
3656.96522   0.98538
3655.53392   0.98545
3654.10262   0.98542
3652.67132    0.9853
3651.24003   0.98516
3649.80873   0.98514
3648.37743   0.98522
3646.94613    0.9853
3645.51484    0.9853
3644.08354   0.98528
3642.65224   0.98528
3641.22094   0.98532
3639.78965   0.98538
3638.35835   0.98541
3636.92705   0.98541
3635.49575   0.98539
3634.06446   0.98537
3632.63316   0.98538
3631.20186   0.98541
3629.77056   0.98552
3628.33927   0.98569
3626.90797   0.98583
3625.47667   0.98584
3624.04537   0.98572
3622.61408   0.98553
3621.18278   0.98537
3619.75148   0.98528
3618.32018   0.98525
3616.88889   0.98524
3615.45759   0.98522
3614.02629   0.98523
3612.59499   0.98526
 3611.1637   0.98526
 3609.7324   0.98519
 3608.3011   0.98507
 3606.8698   0.98492
 3605.4385   0.98475
3604.00721   0.98459
3602.57591   0.98451
3601.14461   0.98457
3599.71331    0.9848
3598.28202   0.98512
3596.85072   0.98544
3595.41942   0.98571
3593.98812   0.98591
3592.55683   0.98599
3591.12553   0.98596
3589.69423    0.9859
3588.26293   0.98591
3586.83164   0.98603
3585.40034   0.98616
3583.96904   0.98623
3582.53774   0.98623
3581.10645   0.98623
3579.67515   0.98627
3578.24385   0.98631
3576.81255   0.98633
3575.38126   0.98633
3573.94996   0.98632
3572.51866   0.98628
3571.08736   0.98621
3569.65607   0.98616
3568.22477    0.9862
3566.79347   0.98632
3565.36217   0.98644
3563.93088   0.98646
3562.49958   0.98641
3561.06828    0.9864
3559.63698   0.98647
3558.20569   0.98657
3556.77439   0.98665
3555.34309   0.98666
3553.91179   0.98663
 3552.4805   0.98662
 3551.0492    0.9866
 3549.6179   0.98654
 3548.1866   0.98642
3546.75531   0.98628
3545.32401   0.98621
3543.89271   0.98627
3542.46141   0.98641
3541.03012   0.98653
3539.59882   0.98658
3538.16752   0.98655
3536.73622    0.9865
3535.30493   0.98648
3533.87363   0.98652
3532.44233   0.98658
3531.01103    0.9866
3529.57974   0.98658
3528.14844   0.98653
3526.71714   0.98645
3525.28584   0.98637
3523.85455   0.98632
3522.42325   0.98635
3520.99195   0.98642
3519.56065   0.98649
3518.12935   0.98652
3516.69806   0.98651
3515.26676   0.98648
3513.83546   0.98644
3512.40416    0.9864
3510.97287   0.98637
3509.54157   0.98637
3508.11027   0.98638
3506.67897   0.98638
3505.24768   0.98636
3503.81638   0.98635
3502.38508    0.9864
3500.95378   0.98647
3499.52249   0.98652
3498.09119    0.9865
3496.65989   0.98644
3495.22859   0.98639
 3493.7973    0.9864
  3492.366   0.98642
 3490.9347   0.98642
 3489.5034   0.98639
3488.07211   0.98636
3486.64081   0.98635
3485.20951   0.98635
3483.77821   0.98631
3482.34692   0.98626
3480.91562   0.98623
3479.48432   0.98627
3478.05302   0.98635
3476.62173   0.98644
3475.19043    0.9865
3473.75913    0.9865
3472.32783   0.98644
3470.89654   0.98634
3469.46524   0.98622
3468.03394   0.98615
3466.60264   0.98615
3465.17135    0.9862
3463.74005   0.98626
3462.30875    0.9863
3460.87745    0.9863
3459.44616   0.98632
3458.01486   0.98638
3456.58356   0.98648
3455.15226   0.98656
3453.72097   0.98662
3452.28967   0.98666
3450.85837    0.9867
3449.42707   0.98673
3447.99578   0.98676
3446.56448   0.98681
3445.13318   0.98688
3443.70188   0.98698
3442.27059   0.98705
3440.83929   0.98703
3439.40799   0.98683
3437.97669   0.98652
 3436.5454   0.98629
 3435.1141   0.98626
 3433.6828   0.98639
 3432.2515   0.98651
 3430.8202   0.98658
3429.38891    0.9867
3427.95761   0.98697
3426.52631   0.98737
3425.09501   0.98775
3423.66372   0.98798
3422.23242   0.98802
3420.80112   0.98802
3419.36982    0.9881
3417.93853   0.98821
3416.50723   0.98812
3415.07593   0.98778
3413.64463   0.98741
3412.21334   0.98721
3410.78204   0.98722
3409.35074    0.9874
3407.91944   0.98768
3406.48815   0.98791
3405.05685   0.98782
3403.62555   0.98722
3402.19425   0.98639
3400.76296   0.98589
3399.33166   0.98608
3397.90036   0.98657
3396.46906   0.98688
3395.03777   0.98672
3393.60647   0.98626
3392.17517   0.98593
3390.74387   0.98611
3389.31258    0.9868
3387.88128   0.98765
3386.44998   0.98828
3385.01868   0.98852
3383.58739   0.98838
3382.15609   0.98799
3380.72479   0.98751
3379.29349   0.98713
 3377.8622   0.98693
 3376.4309   0.98689
 3374.9996   0.98686
 3373.5683   0.98658
3372.13701   0.98586
3370.70571    0.9849
3369.27441   0.98412
3367.84311   0.98392
3366.41182   0.98433
3364.98052     0.985
3363.54922   0.98546
3362.11792   0.98547
3360.68663   0.98529
3359.25533   0.98526
3357.82403   0.98543
3356.39273    0.9855
3354.96144    0.9852
3353.53014   0.98448
3352.09884   0.98359
3350.66754   0.98297
3349.23625   0.98283
3347.80495   0.98293
3346.37365   0.98287
3344.94235   0.98247
3343.51105   0.98188
3342.07976   0.98131
3340.64846   0.98082
3339.21716    0.9804
3337.78586   0.98018
3336.35457   0.98022
3334.92327   0.98044
3333.49197   0.98061
3332.06067   0.98061
3330.62938   0.98041
3329.19808   0.98006
3327.76678   0.97962
3326.33548   0.97923
3324.90419   0.97903
3323.47289   0.97906
3322.04159    0.9792
3320.61029    0.9793
  3319.179   0.97929
 3317.7477   0.97919
 3316.3164   0.97906
 3314.8851    0.9789
3313.45381   0.97872
3312.02251   0.97848
3310.59121   0.97818
3309.15991   0.97786
3307.72862    0.9776
3306.29732   0.97745
3304.86602   0.97744
3303.43472    0.9775
3302.00343   0.97755
3300.57213    0.9775
3299.14083   0.97733
3297.70953    0.9771
3296.27824   0.97688
3294.84694   0.97669
3293.41564   0.97656
3291.98434    0.9765
3290.55305   0.97648
3289.12175   0.97647
3287.69045   0.97639
3286.25915   0.97622
3284.82786   0.97601
3283.39656   0.97579
3281.96526   0.97558
3280.53396   0.97535
3279.10267   0.97509
3277.67137    0.9748
3276.24007   0.97446
3274.80877    0.9741
3273.37748   0.97375
3271.94618   0.97341
3270.51488   0.97314
3269.08358   0.97295
3267.65229   0.97283
3266.22099    0.9727
3264.78969   0.97253
3263.35839   0.97231
 3261.9271   0.97205
 3260.4958   0.97176
 3259.0645   0.97143
 3257.6332   0.97106
3256.20191    0.9707
3254.77061    0.9704
3253.33931   0.97013
3251.90801   0.96986
3250.47671   0.96952
3249.04542    0.9691
3247.61412   0.96866
3246.18282   0.96828
3244.75152   0.96798
3243.32023   0.96773
3241.88893   0.96745
3240.45763   0.96715
3239.02633   0.96683
3237.59504   0.96649
3236.16374   0.96608
3234.73244   0.96561
3233.30114   0.96519
3231.86985   0.96488
3230.43855   0.96467
3229.00725   0.96446
3227.57595    0.9642
3226.14466   0.96387
3224.71336   0.96349
3223.28206   0.96309
3221.85076    0.9627
3220.41947   0.96233
3218.98817   0.96199
3217.55687   0.96167
3216.12557   0.96134
3214.69428   0.96101
3213.26298   0.96066
3211.83168   0.96027
3210.40038   0.95983
3208.96909   0.95934
3207.53779   0.95885
3206.10649   0.95839
3204.67519   0.95796
 3203.2439   0.95752
 3201.8126   0.95705
 3200.3813   0.95658
   3198.95   0.95615
3197.51871   0.95574
3196.08741   0.95533
3194.65611    0.9549
3193.22481   0.95447
3191.79352   0.95405
3190.36222   0.95364
3188.93092   0.95324
3187.49962   0.95282
3186.06833   0.95238
3184.63703   0.95193
3183.20573    0.9515
3181.77443    0.9511
3180.34314   0.95072
3178.91184   0.95033
3177.48054   0.94991
3176.04924   0.94949
3174.61795   0.94909
3173.18665   0.94869
3171.75535   0.94827
3170.32405   0.94785
3168.89276   0.94744
3167.46146   0.94703
3166.03016    0.9466
3164.59886   0.94614
3163.16756   0.94566
3161.73627   0.94515
3160.30497   0.94464
3158.87367   0.94413
3157.44237   0.94359
3156.01108   0.94301
3154.57978   0.94239
3153.14848   0.94176
3151.71718   0.94116
3150.28589   0.94058
3148.85459      0.94
3147.42329   0.93942
3145.99199   0.93882
 3144.5607   0.93821
 3143.1294   0.93758
 3141.6981   0.93692
 3140.2668   0.93622
3138.83551   0.93551
3137.40421   0.93481
3135.97291   0.93413
3134.54161   0.93343
3133.11032   0.93272
3131.67902     0.932
3130.24772   0.93128
3128.81642   0.93056
3127.38513   0.92982
3125.95383   0.92907
3124.52253   0.92832
3123.09123   0.92757
3121.65994   0.92681
3120.22864   0.92604
3118.79734   0.92524
3117.36604   0.92441
3115.93475   0.92358
3114.50345   0.92278
3113.07215   0.92199
3111.64085   0.92119
3110.20956   0.92037
3108.77826   0.91954
3107.34696   0.91872
3105.91566   0.91791
3104.48437    0.9171
3103.05307   0.91628
3101.62177   0.91545
3100.19047   0.91463
3098.75918   0.91386
3097.32788   0.91316
3095.89658   0.91252
3094.46528   0.91192
3093.03399   0.91132
3091.60269   0.91075
3090.17139    0.9102
3088.74009    0.9097
 3087.3088   0.90925
 3085.8775   0.90884
 3084.4462   0.90844
 3083.0149   0.90801
3081.58361   0.90757
3080.15231   0.90709
3078.72101    0.9066
3077.28971   0.90608
3075.85841   0.90552
3074.42712   0.90494
3072.99582   0.90437
3071.56452   0.90381
3070.13322   0.90326
3068.70193    0.9027
3067.27063   0.90215
3065.83933    0.9016
3064.40803   0.90104
3062.97674   0.90043
3061.54544   0.89976
3060.11414   0.89903
3058.68284   0.89825
3057.25155   0.89742
3055.82025   0.89654
3054.38895   0.89562
3052.95765   0.89466
3051.52636   0.89367
3050.09506   0.89263
3048.66376   0.89154
3047.23246   0.89043
3045.80117   0.88933
3044.36987   0.88824
3042.93857   0.88716
3041.50727   0.88607
3040.07598   0.88498
3038.64468   0.88391
3037.21338    0.8829
3035.78208   0.88195
3034.35079   0.88101
3032.91949   0.88006
3031.48819   0.87909
3030.05689   0.87817
 3028.6256   0.87734
 3027.1943   0.87659
  3025.763   0.87591
 3024.3317   0.87529
3022.90041   0.87477
3021.46911   0.87436
3020.03781   0.87411
3018.60651     0.874
3017.17522   0.87399
3015.74392   0.87405
3014.31262   0.87415
3012.88132   0.87429
3011.45003   0.87446
3010.01873   0.87465
3008.58743   0.87484
3007.15613   0.87505
3005.72484   0.87527
3004.29354   0.87549
3002.86224   0.87571
3001.43094   0.87594
2999.99965   0.87616
2998.56835   0.87638
2997.13705   0.87659
2995.70575   0.87676
2994.27446   0.87691
2992.84316   0.87701
2991.41186   0.87706
2989.98056   0.87704
2988.54926   0.87692
2987.11797   0.87667
2985.68667   0.87626
2984.25537   0.87569
2982.82407   0.87493
2981.39278   0.87393
2979.96148   0.87262
2978.53018   0.87087
2977.09888    0.8686
2975.66759   0.86565
2974.23629   0.86175
2972.80499   0.85643
2971.37369   0.84892
 2969.9424   0.83807
 2968.5111   0.82256
 2967.0798   0.80184
 2965.6485   0.77767
2964.21721   0.75467
2962.78591   0.73811
2961.35461   0.72989
2959.92331   0.72656
2958.49202   0.72164
2957.06072   0.71069
2955.62942   0.69525
2954.19812   0.68238
2952.76683   0.67968
2951.33553    0.6893
2949.90423   0.70641
2948.47293   0.72319
2947.04164   0.73425
2945.61034   0.73865
2944.17904   0.73812
2942.74774   0.73435
2941.31645   0.72762
2939.88515   0.71722
2938.45385   0.70307
2937.02255     0.687
2935.59126   0.67235
2934.15996   0.66204
2932.72866   0.65658
2931.29736   0.65385
2929.86607   0.65049
2928.43477   0.64344
2927.00347   0.63057
2925.57217   0.61058
2924.14088   0.58268
2922.70958   0.54663
2921.27828    0.5032
2919.84698   0.45515
2918.41569   0.40797
2916.98439   0.36943
2915.55309   0.34748
2914.12179   0.34676
 2912.6905    0.3662
 2911.2592   0.39963
 2909.8279   0.43893
 2908.3966   0.47755
2906.96531   0.51188
2905.53401   0.54073
2904.10271   0.56415
2902.67141   0.58285
2901.24011   0.59789
2899.80882   0.61051
2898.37752   0.62189
2896.94622   0.63273
2895.51492   0.64319
2894.08363   0.65304
2892.65233   0.66214
2891.22103   0.67069
2889.78973   0.67926
2888.35844   0.68842
2886.92714   0.69833
2885.49584   0.70856
2884.06454   0.71832
2882.63325   0.72678
2881.20195   0.73329
2879.77065   0.73722
2878.33935   0.73781
2876.90806    0.7343
2875.47676   0.72654
2874.04546   0.71598
2872.61416   0.70596
2871.18287   0.70036
2869.75157   0.70128
2868.32027   0.70771
2866.88897   0.71655
2865.45768   0.72438
2864.02638   0.72858
2862.59508   0.72732
2861.16378   0.71945
2859.73249   0.70491
2858.30119   0.68481
2856.86989   0.66049
2855.43859    0.6314
 2854.0073   0.59422
  2852.576   0.54615
 2851.1447   0.49108
 2849.7134   0.44215
2848.28211    0.4158
2846.85081   0.42133
2845.41951   0.45546
2843.98821   0.50582
2842.55692   0.55896
2841.12562   0.60622
2839.69432    0.6446
2838.26302   0.67465
2836.83173   0.69815
2835.40043   0.71681
2833.96913   0.73192
2832.53783   0.74436
2831.10654   0.75479
2829.67524    0.7637
2828.24394   0.77144
2826.81264   0.77825
2825.38135   0.78431
2823.95005   0.78978
2822.51875   0.79477
2821.08745    0.7993
2819.65616   0.80336
2818.22486   0.80696
2816.79356   0.81016
2815.36226   0.81302
2813.93096   0.81557
2812.49967   0.81782
2811.06837   0.81986
2809.63707   0.82181
2808.20577   0.82378
2806.77448   0.82573
2805.34318   0.82761
2803.91188   0.82938
2802.48058   0.83103
2801.04929   0.83255
2799.61799   0.83394
2798.18669   0.83526
2796.75539   0.83654
 2795.3241   0.83775
 2793.8928   0.83886
 2792.4615   0.83984
 2791.0302   0.84073
2789.59891   0.84158
2788.16761   0.84241
2786.73631   0.84322
2785.30501   0.84401
2783.87372   0.84474
2782.44242    0.8454
2781.01112   0.84597
2779.57982   0.84643
2778.14853    0.8468
2776.71723   0.84707
2775.28593   0.84728
2773.85463   0.84746
2772.42334   0.84764
2770.99204   0.84786
2769.56074   0.84814
2768.12944   0.84849
2766.69815   0.84892
2765.26685   0.84943
2763.83555      0.85
2762.40425   0.85059
2760.97296   0.85118
2759.54166   0.85175
2758.11036   0.85229
2756.67906    0.8528
2755.24777   0.85326
2753.81647    0.8537
2752.38517   0.85414
2750.95387   0.85462
2749.52258   0.85517
2748.09128    0.8558
2746.65998   0.85649
2745.22868   0.85721
2743.79739   0.85793
2742.36609   0.85862
2740.93479   0.85928
2739.50349    0.8599
 2738.0722   0.86046
 2736.6409   0.86094
 2735.2096   0.86134
 2733.7783   0.86165
2732.34701   0.86188
2730.91571   0.86203
2729.48441   0.86214
2728.05311   0.86225
2726.62181   0.86241
2725.19052   0.86261
2723.75922   0.86281
2722.32792   0.86298
2720.89662   0.86308
2719.46533   0.86312
2718.03403   0.86311
2716.60273   0.86299
2715.17143   0.86275
2713.74014   0.86237
2712.30884   0.86187
2710.87754   0.86131
2709.44624   0.86076
2708.01495   0.86022
2706.58365   0.85964
2705.15235   0.85896
2703.72105   0.85817
2702.28976   0.85727
2700.85846   0.85627
2699.42716   0.85524
2697.99586   0.85428
2696.56457   0.85345
2695.13327   0.85281
2693.70197   0.85231
2692.27067   0.85189
2690.83938   0.85148
2689.40808   0.85106
2687.97678   0.85066
2686.54548   0.85029
2685.11419   0.84994
2683.68289   0.84962
2682.25159   0.84933
2680.82029   0.84909
  2679.389   0.84893
 2677.9577   0.84881
 2676.5264   0.84868
 2675.0951   0.84852
2673.66381   0.84832
2672.23251   0.84813
2670.80121     0.848
2669.36991   0.84798
2667.93862   0.84809
2666.50732   0.84838
2665.07602   0.84883
2663.64472   0.84941
2662.21343   0.85007
2660.78213   0.85075
2659.35083    0.8514
2657.91953   0.85196
2656.48824    0.8524
2655.05694   0.85273
2653.62564   0.85297
2652.19434   0.85314
2650.76305   0.85319
2649.33175    0.8531
2647.90045   0.85285
2646.46915   0.85248
2645.03786   0.85203
2643.60656   0.85153
2642.17526   0.85106
2640.74396   0.85071
2639.31266   0.85059
2637.88137   0.85079
2636.45007    0.8513
2635.01877   0.85205
2633.58747   0.85295
2632.15618   0.85388
2630.72488   0.85476
2629.29358   0.85554
2627.86228   0.85626
2626.43099   0.85695
2624.99969   0.85762
2623.56839   0.85819
2622.13709   0.85859
 2620.7058   0.85879
 2619.2745   0.85882
 2617.8432   0.85879
 2616.4119   0.85884
2614.98061   0.85912
2613.54931   0.85969
2612.11801   0.86053
2610.68671   0.86161
2609.25542   0.86284
2607.82412   0.86411
2606.39282   0.86533
2604.96152   0.86642
2603.53023   0.86736
2602.09893   0.86816
2600.66763   0.86879
2599.23633   0.86928
2597.80504   0.86967
2596.37374      0.87
2594.94244   0.87027
2593.51114   0.87051
2592.07985   0.87076
2590.64855   0.87106
2589.21725   0.87144
2587.78595   0.87192
2586.35466   0.87252
2584.92336   0.87318
2583.49206   0.87385
2582.06076   0.87451
2580.62947   0.87514
2579.19817   0.87571
2577.76687   0.87615
2576.33557   0.87641
2574.90428   0.87649
2573.47298   0.87644
2572.04168   0.87625
2570.61038   0.87592
2569.17909   0.87552
2567.74779   0.87514
2566.31649   0.87486
2564.88519   0.87471
 2563.4539   0.87465
 2562.0226    0.8747
 2560.5913   0.87493
   2559.16   0.87541
2557.72871   0.87615
2556.29741   0.87709
2554.86611   0.87812
2553.43481   0.87917
2552.00352   0.88015
2550.57222   0.88102
2549.14092   0.88181
2547.70962   0.88251
2546.27832    0.8831
2544.84703   0.88352
2543.41573   0.88375
2541.98443   0.88375
2540.55313   0.88348
2539.12184   0.88292
2537.69054   0.88217
2536.25924   0.88147
2534.82794   0.88112
2533.39665   0.88132
2531.96535   0.88213
2530.53405   0.88343
2529.10275   0.88506
2527.67146   0.88685
2526.24016   0.88871
2524.80886   0.89051
2523.37756   0.89214
2521.94627   0.89352
2520.51497   0.89461
2519.08367   0.89543
2517.65237   0.89599
2516.22108   0.89634
2514.78978   0.89659
2513.35848   0.89689
2511.92718   0.89739
2510.49589   0.89818
2509.06459   0.89928
2507.63329   0.90065
2506.20199   0.90218
 2504.7707    0.9038
 2503.3394   0.90543
 2501.9081   0.90699
 2500.4768   0.90839
2499.04551    0.9096
2497.61421   0.91062
2496.18291   0.91144
2494.75161   0.91203
2493.32032   0.91239
2491.88902   0.91253
2490.45772   0.91252
2489.02642    0.9124
2487.59513   0.91224
2486.16383   0.91215
2484.73253   0.91221
2483.30123    0.9125
2481.86994   0.91302
2480.43864   0.91373
2479.00734   0.91455
2477.57604   0.91541
2476.14475   0.91631
2474.71345   0.91722
2473.28215    0.9181
2471.85085    0.9189
2470.41956   0.91953
2468.98826   0.91999
2467.55696   0.92031
2466.12566   0.92054
2464.69437   0.92071
2463.26307   0.92084
2461.83177   0.92093
2460.40047   0.92104
2458.96917   0.92125
2457.53788   0.92161
2456.10658   0.92216
2454.67528   0.92283
2453.24398   0.92356
2451.81269   0.92436
2450.38139   0.92522
2448.95009   0.92616
2447.51879   0.92715
 2446.0875   0.92816
 2444.6562    0.9291
 2443.2249   0.92989
 2441.7936   0.93047
2440.36231    0.9308
2438.93101   0.93094
2437.49971   0.93099
2436.06841   0.93102
2434.63712   0.93105
2433.20582   0.93111
2431.77452   0.93122
2430.34322   0.93138
2428.91193   0.93158
2427.48063   0.93181
2426.04933   0.93208
2424.61803    0.9324
2423.18674   0.93277
2421.75544   0.93316
2420.32414   0.93355
2418.89284   0.93392
2417.46155    0.9343
2416.03025   0.93468
2414.59895   0.93502
2413.16765   0.93532
2411.73636   0.93555
2410.30506    0.9357
2408.87376   0.93575
2407.44246   0.93573
2406.01117    0.9357
2404.57987   0.93576
2403.14857   0.93595
2401.71727   0.93626
2400.28598   0.93665
2398.85468   0.93713
2397.42338   0.93764
2395.99208   0.93814
2394.56079   0.93862
2393.12949   0.93907
2391.69819   0.93948
2390.26689   0.93981
 2388.8356   0.94005
 2387.4043   0.94021
  2385.973   0.94031
 2384.5417   0.94037
2383.11041   0.94045
2381.67911    0.9406
2380.24781   0.94083
2378.81651   0.94114
2377.38522   0.94145
2375.95392   0.94175
2374.52262   0.94208
2373.09132   0.94247
2371.66002   0.94291
2370.22873   0.94334
2368.79743   0.94372
2367.36613   0.94408
2365.93483   0.94445
2364.50354   0.94479
2363.07224   0.94505
2361.64094   0.94516
2360.20964   0.94513
2358.77835   0.94502
2357.34705   0.94483
2355.91575   0.94452
2354.48445   0.94407
2353.05316    0.9435
2351.62186   0.94295
2350.19056   0.94256
2348.75926   0.94249
2347.32797   0.94276
2345.89667   0.94329
2344.46537    0.9438
2343.03407   0.94412
2341.60278   0.94425
2340.17148   0.94433
2338.74018   0.94443
2337.30888   0.94455
2335.87759   0.94468
2334.44629    0.9448
2333.01499   0.94491
2331.58369   0.94496
 2330.1524   0.94493
 2328.7211   0.94483
 2327.2898   0.94472
 2325.8585    0.9447
2324.42721   0.94481
2322.99591   0.94503
2321.56461   0.94531
2320.13331   0.94557
2318.70202   0.94579
2317.27072   0.94599
2315.83942   0.94617
2314.40812   0.94632
2312.97683   0.94646
2311.54553   0.94657
2310.11423   0.94666
2308.68293   0.94675
2307.25164   0.94685
2305.82034     0.947
2304.38904   0.94721
2302.95774   0.94749
2301.52645   0.94782
2300.09515   0.94813
2298.66385   0.94841
2297.23255   0.94866
2295.80126   0.94891
2294.36996   0.94917
2292.93866   0.94939
2291.50736   0.94953
2290.07607   0.94957
2288.64477   0.94954
2287.21347   0.94951
2285.78217    0.9495
2284.35087   0.94954
2282.91958   0.94963
2281.48828   0.94979
2280.05698   0.94999
2278.62568   0.95024
2277.19439    0.9505
2275.76309   0.95074
2274.33179   0.95096
2272.90049   0.95118
 2271.4692   0.95142
 2270.0379   0.95168
 2268.6066   0.95193
 2267.1753   0.95216
2265.74401   0.95236
2264.31271   0.95251
2262.88141   0.95261
2261.45011    0.9527
2260.01882   0.95283
2258.58752   0.95304
2257.15622   0.95337
2255.72492   0.95381
2254.29363   0.95433
2252.86233   0.95487
2251.43103   0.95542
2249.99973   0.95597
2248.56844   0.95645
2247.13714   0.95682
2245.70584   0.95707
2244.27454   0.95718
2242.84325   0.95718
2241.41195   0.95712
2239.98065   0.95706
2238.54935   0.95705
2237.11806   0.95711
2235.68676   0.95725
2234.25546   0.95744
2232.82416   0.95762
2231.39287   0.95779
2229.96157   0.95803
2228.53027   0.95839
2227.09897   0.95883
2225.66768   0.95923
2224.23638   0.95952
2222.80508    0.9597
2221.37378   0.95979
2219.94249   0.95984
2218.51119   0.95984
2217.07989   0.95979
2215.64859   0.95973
 2214.2173   0.95976
  2212.786   0.95986
 2211.3547   0.95993
 2209.9234   0.95987
2208.49211   0.95973
2207.06081   0.95968
2205.62951   0.95977
2204.19821   0.95991
2202.76692   0.96002
2201.33562   0.96008
2199.90432   0.96014
2198.47302   0.96018
2197.04172   0.96016
2195.61043   0.96008
2194.17913      0.96
2192.74783   0.95994
2191.31653   0.95987
2189.88524   0.95972
2188.45394   0.95948
2187.02264   0.95921
2185.59134   0.95904
2184.16005   0.95907
2182.72875   0.95929
2181.29745   0.95957
2179.86615   0.95982
2178.43486   0.96005
2177.00356   0.96037
2175.57226    0.9609
2174.14096    0.9617
2172.70967   0.96266
2171.27837   0.96359
2169.84707   0.96432
2168.41577   0.96476
2166.98448   0.96488
2165.55318   0.96469
2164.12188   0.96427
2162.69058   0.96388
2161.25929   0.96374
2159.82799   0.96385
2158.39669   0.96394
2156.96539   0.96375
 2155.5341   0.96335
 2154.1028   0.96301
 2152.6715    0.9628
 2151.2402   0.96257
2149.80891   0.96229
2148.37761   0.96208
2146.94631   0.96202
2145.51501   0.96213
2144.08372   0.96229
2142.65242   0.96241
2141.22112   0.96245
2139.78982   0.96248
2138.35853   0.96257
2136.92723   0.96272
2135.49593   0.96287
2134.06463   0.96288
2132.63334   0.96276
2131.20204   0.96263
2129.77074   0.96252
2128.33944    0.9624
2126.90815   0.96226
2125.47685   0.96215
2124.04555   0.96208
2122.61425   0.96207
2121.18296   0.96209
2119.75166   0.96212
2118.32036   0.96216
2116.88906   0.96226
2115.45777    0.9624
2114.02647   0.96253
2112.59517   0.96257
2111.16387   0.96251
2109.73257    0.9624
2108.30128   0.96229
2106.86998   0.96214
2105.43868   0.96196
2104.00738   0.96179
2102.57609   0.96166
2101.14479   0.96163
2099.71349   0.96167
2098.28219   0.96186
 2096.8509   0.96215
 2095.4196   0.96246
 2093.9883   0.96276
  2092.557     0.963
2091.12571   0.96318
2089.69441   0.96327
2088.26311   0.96333
2086.83181   0.96339
2085.40052   0.96349
2083.96922   0.96363
2082.53792   0.96379
2081.10662   0.96394
2079.67533   0.96404
2078.24403   0.96412
2076.81273   0.96419
2075.38143   0.96428
2073.95014   0.96443
2072.51884   0.96463
2071.08754   0.96485
2069.65624   0.96507
2068.22495   0.96526
2066.79365   0.96536
2065.36235   0.96537
2063.93105   0.96537
2062.49976   0.96542
2061.06846   0.96549
2059.63716   0.96551
2058.20586   0.96546
2056.77457   0.96537
2055.34327   0.96532
2053.91197   0.96532
2052.48067   0.96535
2051.04938   0.96538
2049.61808   0.96541
2048.18678   0.96548
2046.75548    0.9656
2045.32419   0.96575
2043.89289    0.9659
2042.46159   0.96602
2041.03029   0.96609
  2039.599   0.96614
 2038.1677   0.96623
 2036.7364   0.96643
 2035.3051   0.96671
2033.87381   0.96695
2032.44251   0.96702
2031.01121    0.9669
2029.57991   0.96669
2028.14862   0.96641
2026.71732     0.966
2025.28602   0.96551
2023.85472   0.96514
2022.42342   0.96504
2020.99213   0.96517
2019.56083   0.96536
2018.12953   0.96544
2016.69823   0.96541
2015.26694   0.96537
2013.83564   0.96544
2012.40434   0.96564
2010.97304   0.96587
2009.54175   0.96605
2008.11045   0.96617
2006.67915   0.96628
2005.24785    0.9664
2003.81656   0.96646
2002.38526    0.9664
2000.95396   0.96621
1999.52266   0.96597
1998.09137    0.9658
1996.66007   0.96575
1995.22877   0.96575
1993.79747   0.96579
1992.36618   0.96589
1990.93488   0.96606
1989.50358   0.96623
1988.07228   0.96631
1986.64099   0.96629
1985.20969   0.96628
1983.77839   0.96632
1982.34709   0.96641
 1980.9158   0.96656
 1979.4845    0.9668
 1978.0532    0.9671
 1976.6219   0.96737
1975.19061   0.96753
1973.75931    0.9676
1972.32801   0.96763
1970.89671   0.96763
1969.46542   0.96757
1968.03412   0.96742
1966.60282   0.96723
1965.17152   0.96704
1963.74023   0.96688
1962.30893   0.96676
1960.87763   0.96666
1959.44633   0.96652
1958.01504   0.96625
1956.58374   0.96589
1955.15244   0.96559
1953.72114    0.9655
1952.28985   0.96557
1950.85855    0.9656
1949.42725   0.96549
1947.99595   0.96528
1946.56466   0.96505
1945.13336   0.96487
1943.70206   0.96472
1942.27076   0.96455
1940.83947   0.96436
1939.40817    0.9642
1937.97687   0.96406
1936.54557    0.9639
1935.11427   0.96367
1933.68298   0.96339
1932.25168    0.9631
1930.82038   0.96286
1929.38908   0.96265
1927.95779   0.96246
1926.52649   0.96227
1925.09519   0.96208
1923.66389   0.96189
 1922.2326    0.9617
 1920.8013   0.96153
   1919.37   0.96136
 1917.9387   0.96114
1916.50741   0.96081
1915.07611   0.96043
1913.64481   0.96004
1912.21351   0.95969
1910.78222   0.95934
1909.35092   0.95897
1907.91962   0.95855
1906.48832   0.95809
1905.05703   0.95761
1903.62573   0.95715
1902.19443   0.95675
1900.76313   0.95644
1899.33184   0.95626
1897.90054   0.95622
1896.46924   0.95635
1895.03794   0.95657
1893.60665    0.9568
1892.17535   0.95694
1890.74405   0.95699
1889.31275   0.95697
1887.88146   0.95691
1886.45016   0.95685
1885.01886    0.9568
1883.58756   0.95675
1882.15627    0.9567
1880.72497   0.95663
1879.29367   0.95653
1877.86237    0.9564
1876.43108   0.95624
1874.99978   0.95608
1873.56848   0.95597
1872.13718   0.95595
1870.70589   0.95598
1869.27459   0.95595
1867.84329   0.95576
1866.41199   0.95541
 1864.9807     0.955
 1863.5494   0.95459
 1862.1181   0.95424
 1860.6868   0.95393
1859.25551   0.95365
1857.82421   0.95337
1856.39291   0.95308
1854.96161   0.95277
1853.53032   0.95244
1852.09902   0.95208
1850.66772   0.95169
1849.23642    0.9513
1847.80512   0.95095
1846.37383   0.95066
1844.94253   0.95035
1843.51123   0.94994
1842.07993   0.94945
1840.64864   0.94895
1839.21734   0.94848
1837.78604   0.94808
1836.35474   0.94775
1834.92345   0.94751
1833.49215   0.94732
1832.06085   0.94711
1830.62955   0.94681
1829.19826    0.9464
1827.76696   0.94586
1826.33566   0.94516
1824.90436   0.94432
1823.47307   0.94335
1822.04177   0.94233
1820.61047   0.94129
1819.17917    0.9403
1817.74788   0.93944
1816.31658    0.9388
1814.88528   0.93844
1813.45398   0.93831
1812.02269   0.93834
1810.59139   0.93843
1809.16009   0.93851
1807.72879   0.93853
 1806.2975   0.93848
 1804.8662   0.93834
 1803.4349   0.93807
 1802.0036   0.93765
1800.57231   0.93705
1799.14101    0.9363
1797.70971   0.93547
1796.27841   0.93458
1794.84712   0.93354
1793.41582   0.93224
1791.98452   0.93067
1790.55322   0.92903
1789.12193   0.92758
1787.69063   0.92643
1786.25933   0.92557
1784.82803   0.92507
1783.39674   0.92503
1781.96544   0.92549
1780.53414   0.92639
1779.10284   0.92758
1777.67155   0.92886
1776.24025   0.93011
1774.80895   0.93139
1773.37765   0.93271
1771.94636   0.93399
1770.51506   0.93509
1769.08376   0.93597
1767.65246   0.93667
1766.22117    0.9373
1764.78987    0.9379
1763.35857   0.93851
1761.92727   0.93916
1760.49598   0.93981
1759.06468   0.94038
1757.63338   0.94089
1756.20208   0.94139
1754.77078   0.94182
1753.33949   0.94216
1751.90819   0.94243
1750.47689   0.94261
1749.04559   0.94266
 1747.6143   0.94255
  1746.183   0.94225
 1744.7517   0.94178
 1743.3204    0.9412
1741.88911   0.94047
1740.45781   0.93957
1739.02651   0.93859
1737.59521   0.93749
1736.16392   0.93601
1734.73262   0.93377
1733.30132   0.93066
1731.87002   0.92697
1730.43873   0.92287
1729.00743   0.91811
1727.57613   0.91222
1726.14483   0.90467
1724.71354   0.89498
1723.28224   0.88323
1721.85094   0.86952
1720.41964   0.85184
1718.98835   0.82562
1717.55705   0.78863
1716.12575   0.74635
1714.69445   0.70741
1713.26316   0.67454
1711.83186   0.64501
1710.40056    0.6152
1708.96926   0.58219
1707.53797   0.54388
1706.10667   0.50118
1704.67537   0.45917
1703.24407   0.42196
1701.81278   0.38814
1700.38148   0.35577
1698.95018    0.3287
1697.51888   0.31219
1696.08759   0.30595
1694.65629    0.3061
1693.22499   0.30925
1691.79369   0.31351
 1690.3624   0.31801
 1688.9311   0.32235
 1687.4998   0.32725
 1686.0685   0.33572
1684.63721   0.35186
1683.20591   0.37649
1681.77461   0.40599
1680.34331   0.43729
1678.91202   0.47047
1677.48072   0.50732
1676.04942    0.5488
1674.61812   0.59183
1673.18683   0.63064
1671.75553   0.66359
1670.32423   0.69378
1668.89293   0.72192
1667.46163   0.74472
1666.03034   0.76124
1664.59904   0.77455
1663.16774    0.7876
1661.73644   0.80046
1660.30515   0.81144
1658.87385   0.81972
1657.44255   0.82601
1656.01125    0.8319
1654.57996   0.83913
1653.14866   0.84796
1651.71736   0.85594
1650.28606   0.86117
1648.85477    0.8649
1647.42347   0.86911
1645.99217   0.87395
1644.56087   0.87824
1643.12958   0.88144
1641.69828   0.88387
1640.26698   0.88597
1638.83568   0.88808
1637.40439   0.89055
1635.97309    0.8935
1634.54179   0.89644
1633.11049   0.89877
 1631.6792   0.90049
 1630.2479   0.90209
 1628.8166   0.90386
 1627.3853   0.90576
1625.95401   0.90762
1624.52271   0.90943
1623.09141   0.91115
1621.66011   0.91268
1620.22882   0.91394
1618.79752   0.91511
1617.36622   0.91649
1615.93492   0.91806
1614.50363   0.91951
1613.07233    0.9207
1611.64103   0.92179
1610.20973   0.92293
1608.77844   0.92413
1607.34714    0.9253
1605.91584   0.92633
1604.48454   0.92721
1603.05325   0.92801
1601.62195   0.92878
1600.19065   0.92954
1598.75935   0.93029
1597.32806   0.93105
1595.89676   0.93185
1594.46546   0.93271
1593.03416   0.93359
1591.60287   0.93441
1590.17157   0.93517
1588.74027   0.93583
1587.30897    0.9364
1585.87768   0.93688
1584.44638   0.93727
1583.01508    0.9376
1581.58378   0.93787
1580.15248    0.9381
1578.72119   0.93839
1577.28989   0.93882
1575.85859   0.93937
1574.42729   0.93985
  1572.996   0.94013
 1571.5647   0.94028
 1570.1334   0.94042
 1568.7021    0.9406
1567.27081   0.94073
1565.83951    0.9408
1564.40821   0.94083
1562.97691   0.94088
1561.54562   0.94102
1560.11432    0.9414
1558.68302   0.94193
1557.25172   0.94233
1555.82043   0.94244
1554.38913   0.94241
1552.95783    0.9424
1551.52653   0.94244
1550.09524   0.94253
1548.66394   0.94264
1547.23264   0.94273
1545.80134   0.94278
1544.37005   0.94288
1542.93875   0.94316
1541.50745   0.94369
1540.07615   0.94435
1538.64486   0.94489
1537.21356   0.94514
1535.78226    0.9452
1534.35096   0.94527
1532.91967   0.94545
1531.48837   0.94565
1530.05707   0.94581
1528.62577   0.94594
1527.19448   0.94608
1525.76318   0.94625
1524.33188    0.9464
1522.90058   0.94651
1521.46929    0.9466
1520.03799   0.94663
1518.60669   0.94657
1517.17539   0.94643
 1515.7441    0.9463
 1514.3128   0.94616
 1512.8815   0.94596
 1511.4502   0.94568
1510.01891    0.9454
1508.58761   0.94525
1507.15631   0.94532
1505.72501   0.94543
1504.29372   0.94536
1502.86242   0.94508
1501.43112   0.94468
1499.99982   0.94418
1498.56853    0.9436
1497.13723   0.94295
1495.70593   0.94227
1494.27463    0.9416
1492.84333   0.94092
1491.41204   0.94013
1489.98074   0.93921
1488.54944   0.93824
1487.11814   0.93726
1485.68685    0.9362
1484.25555   0.93489
1482.82425    0.9331
1481.39295   0.93065
1479.96166   0.92721
1478.53036   0.92122
1477.09906   0.90817
1475.66776   0.88019
1474.23647   0.83243
1472.80517   0.77537
1471.37387   0.73256
1469.94257   0.71714
1468.51128    0.7217
1467.07998   0.73148
1465.64868   0.73852
1464.21738   0.74452
1462.78609   0.75372
1461.35479   0.76588
1459.92349   0.77689
1458.49219   0.78326
 1457.0609   0.78572
 1455.6296    0.7889
 1454.1983   0.79608
  1452.767   0.80649
1451.33571   0.81719
1449.90441   0.82532
1448.47311   0.82922
1447.04181   0.82874
1445.61052   0.82483
1444.17922   0.81858
1442.74792   0.81068
1441.31662   0.80134
1439.88533   0.79001
1438.45403   0.77503
1437.02273   0.75522
1435.59143    0.7323
1434.16014   0.70985
1432.72884   0.68986
1431.29754   0.67329
1429.86624   0.66241
1428.43495   0.66017
1427.00365    0.6678
1425.57235   0.68423
1424.14105    0.7064
1422.70976   0.72996
1421.27846   0.75137
1419.84716   0.76838
1418.41586   0.77786
1416.98457   0.77575
1415.55327   0.76081
1414.12197   0.73658
1412.69067   0.71069
1411.25938   0.69249
1409.82808   0.68849
1408.39678   0.69928
1406.96548   0.72106
1405.53418   0.74897
1404.10289   0.77826
1402.67159   0.80492
1401.24029   0.82726
1399.80899   0.84577
 1398.3777   0.86107
 1396.9464    0.8732
 1395.5151   0.88241
 1394.0838   0.88923
1392.65251   0.89411
1391.22121    0.8975
1389.78991   0.90002
1388.35861   0.90211
1386.92732   0.90377
1385.49602   0.90467
1384.06472   0.90453
1382.63342   0.90335
1381.20213   0.90135
1379.77083   0.89884
1378.33953   0.89593
1376.90823   0.89241
1375.47694   0.88813
1374.04564   0.88371
1372.61434   0.88033
1371.18304   0.87859
1369.75175   0.87786
1368.32045   0.87701
1366.88915   0.87518
1365.45785   0.87201
1364.02656   0.86738
1362.59526   0.86153
1361.16396   0.85519
1359.73266   0.84891
1358.30137   0.84227
1356.87007   0.83418
1355.43877   0.82394
1354.00747    0.8124
1352.57618   0.80206
1351.14488   0.79597
1349.71358   0.79629
1348.28228   0.80329
1346.85099   0.81543
1345.41969   0.83032
1343.98839   0.84569
1342.55709   0.85997
 1341.1258   0.87208
 1339.6945   0.88075
 1338.2632   0.88441
 1336.8319   0.88184
1335.40061   0.87253
1333.96931   0.85677
1332.53801   0.83626
1331.10671   0.81489
1329.67542   0.79785
1328.24412   0.78919
1326.81282   0.78975
1325.38152   0.79738
1323.95023   0.80901
1322.51893   0.82222
1321.08763   0.83531
1319.65633   0.84616
1318.22503   0.85194
1316.79374   0.85029
1315.36244   0.84035
1313.93114    0.8227
1312.49984   0.79847
1311.06855   0.76831
1309.63725   0.73178
1308.20595   0.68871
1306.77465   0.64196
1305.34336   0.59834
1303.91206   0.56536
1302.48076   0.54715
1301.04946   0.54324
1299.61817   0.55056
1298.18687   0.56622
1296.75557   0.58841
1295.32427   0.61539
1293.89298   0.64395
1292.46168    0.6693
1291.03038   0.68699
1289.59908   0.69588
1288.16779   0.69936
1286.73649   0.70242
1285.30519   0.70683
1283.87389   0.70879
 1282.4426   0.70134
 1281.0113   0.68079
   1279.58   0.65226
 1278.1487   0.62817
1276.71741    0.6198
1275.28611   0.63028
1273.85481   0.65523
1272.42351   0.68806
1270.99222   0.72356
1269.56092   0.75751
1268.12962   0.78613
1266.69832   0.80739
1265.26703   0.82195
1263.83573     0.832
1262.40443   0.83948
1260.97313    0.8452
1259.54184   0.84887
1258.11054   0.84914
1256.67924   0.84312
1255.24794   0.82653
1253.81665   0.79566
1252.38535    0.7515
1250.95405   0.70294
1249.52275   0.66406
1248.09146   0.64592
1246.66016   0.65046
1245.22886   0.67204
1243.79756   0.70307
1242.36627   0.73747
1240.93497   0.77031
1239.50367   0.79757
1238.07237   0.81761
1236.64108   0.83196
1235.20978    0.8436
1233.77848   0.85427
1232.34718   0.86362
1230.91588   0.87021
1229.48459   0.87254
1228.05329   0.86838
1226.62199   0.85353
1225.19069   0.82299
 1223.7594   0.77701
 1222.3281   0.72671
 1220.8968   0.68954
 1219.4655   0.67616
1218.03421   0.68315
1216.60291   0.69962
1215.17161   0.71912
1213.74031   0.74224
1212.30902   0.76972
1210.87772   0.79789
1209.44642   0.82149
1208.01512    0.8381
1206.58383   0.84889
1205.15253   0.85611
1203.72123    0.8606
1202.28993   0.86093
1200.85864   0.85381
1199.42734   0.83469
1197.99604   0.80009
1196.56474   0.75296
1195.13345   0.70556
1193.70215   0.67381
1192.27085   0.66727
1190.83955   0.68456
1189.40826   0.71691
1187.97696   0.75417
1186.54566   0.78856
1185.11436   0.81627
1183.68307   0.83713
1182.25177   0.85269
1180.82047   0.86455
1179.38917   0.87383
1177.95788   0.88125
1176.52658   0.88733
1175.09528   0.89244
1173.66398   0.89678
1172.23269   0.90043
1170.80139    0.9035
1169.37009   0.90609
1167.93879   0.90829
 1166.5075   0.91019
 1165.0762   0.91186
 1163.6449   0.91332
 1162.2136   0.91461
1160.78231   0.91575
1159.35101   0.91676
1157.91971   0.91767
1156.48841   0.91848
1155.05712   0.91924
1153.62582   0.91996
1152.19452   0.92066
1150.76322   0.92135
1149.33193   0.92206
1147.90063   0.92279
1146.46933   0.92354
1145.03803   0.92432
1143.60673   0.92511
1142.17544   0.92587
1140.74414   0.92653
1139.31284   0.92708
1137.88154   0.92751
1136.45025   0.92773
1135.01895   0.92759
1133.58765   0.92682
1132.15635   0.92506
1130.72506   0.92178
1129.29376   0.91661
1127.86246   0.90965
1126.43116   0.90189
1124.99987   0.89527
1123.56857   0.89206
1122.13727    0.8936
1120.70597   0.89929
1119.27468   0.90692
1117.84338   0.91425
1116.41208   0.92008
1114.98078   0.92426
1113.54949   0.92714
1112.11819   0.92914
1110.68689   0.93059
1109.25559   0.93175
 1107.8243   0.93284
  1106.393   0.93395
 1104.9617   0.93499
 1103.5304   0.93586
1102.09911    0.9365
1100.66781   0.93685
1099.23651   0.93692
1097.80521   0.93665
1096.37392   0.93602
1094.94262   0.93483
1093.51132   0.93262
1092.08002   0.92828
1090.64873   0.91956
1089.21743    0.9031
1087.78613   0.87735
1086.35483   0.84748
1084.92354   0.82553
1083.49224   0.82197
1082.06094    0.8367
1080.62964   0.86008
1079.19835   0.88203
1077.76705   0.89822
1076.33575   0.90906
1074.90445   0.91626
1073.47316   0.92112
1072.04186   0.92442
1070.61056   0.92651
1069.17926   0.92742
1067.74797   0.92698
1066.31667   0.92521
1064.88537   0.92287
1063.45407   0.92135
1062.02278   0.92157
1060.59148   0.92335
1059.16018   0.92566
1057.72888   0.92764
1056.29759   0.92895
1054.86629   0.92967
1053.43499   0.92994
1052.00369   0.92983
1050.57239    0.9294
 1049.1411   0.92873
 1047.7098   0.92796
 1046.2785   0.92718
 1044.8472   0.92634
1043.41591   0.92528
1041.98461   0.92388
1040.55331   0.92228
1039.12201   0.92078
1037.69072    0.9197
1036.25942   0.91906
1034.82812    0.9186
1033.39682   0.91793
1031.96553   0.91685
1030.53423   0.91549
1029.10293   0.91419
1027.67163   0.91318
1026.24034   0.91246
1024.80904   0.91183
1023.37774   0.91105
1021.94644   0.90991
1020.51515   0.90812
1019.08385   0.90535
1017.65255   0.90163
1016.22125   0.89781
1014.78996   0.89526
1013.35866   0.89479
1011.92736   0.89595
1010.49606   0.89761
1009.06477   0.89888
1007.63347   0.89951
1006.20217   0.89962
1004.77087   0.89937
1003.33958   0.89882
1001.90828   0.89791
1000.47698   0.89661
 999.04568   0.89505
 997.61439    0.8936
 996.18309   0.89257
 994.75179   0.89199
 993.32049   0.89153
  991.8892   0.89075
  990.4579   0.88924
  989.0266   0.88655
  987.5953   0.88214
 986.16401   0.87567
 984.73271   0.86787
 983.30141   0.86079
 981.87011   0.85651
 980.43882    0.8553
 979.00752   0.85544
 977.57622    0.8549
 976.14492   0.85256
 974.71363   0.84817
 973.28233   0.84175
 971.85103   0.83346
 970.41973   0.82362
 968.98844   0.81266
 967.55714   0.80103
 966.12584   0.78922
 964.69454   0.77772
 963.26324   0.76691
 961.83195   0.75699
 960.40065   0.74792
 958.96935   0.73948
 957.53805   0.73127
 956.10676   0.72281
 954.67546   0.71361
 953.24416   0.70326
 951.81286   0.69144
 950.38157   0.67802
 948.95027   0.66311
 947.51897   0.64704
 946.08767   0.63033
 944.65638   0.61361
 943.22508   0.59759
 941.79378   0.58305
 940.36248   0.57077
 938.93119   0.56146
 937.49989   0.55567
 936.06859    0.5538
 934.63729   0.55608
   933.206   0.56254
  931.7747   0.57298
  930.3434   0.58674
  928.9121   0.60259
 927.48081    0.6192
 926.04951   0.63582
 924.61821   0.65238
 923.18691     0.669
 921.75562   0.68541
 920.32432   0.70107
 918.89302   0.71542
 917.46172   0.72782
 916.03043   0.73749
 914.59913   0.74392
 913.16783   0.74773
 911.73653   0.75104
 910.30524    0.7562
 908.87394   0.76402
 907.44264   0.77343
 906.01134   0.78267
 904.58005   0.79048
 903.14875   0.79643
 901.71745   0.80043
 900.28615   0.80235
 898.85486   0.80206
 897.42356   0.79973
 895.99226    0.7962
 894.56096   0.79269
 893.12967      0.79
 891.69837   0.78791
 890.26707   0.78597
 888.83577   0.78483
 887.40448    0.7862
 885.97318   0.79117
 884.54188   0.79876
 883.11058   0.80674
 881.67929   0.81341
 880.24799   0.81821
 878.81669   0.82105
 877.38539   0.82147
 875.95409   0.81846
  874.5228   0.81185
  873.0915   0.80475
  871.6602   0.80309
  870.2289    0.8108
 868.79761   0.82563
 867.36631    0.8414
 865.93501   0.85356
 864.50371   0.86159
 863.07242   0.86699
 861.64112   0.87109
 860.20982   0.87453
 858.77852   0.87756
 857.34723   0.88026
 855.91593   0.88269
 854.48463   0.88495
 853.05333   0.88711
 851.62204   0.88921
 850.19074   0.89123
 848.75944   0.89316
 847.32814   0.89502
 845.89685   0.89683
 844.46555    0.8986
 843.03425   0.90028
 841.60295   0.90191
 840.17166    0.9035
 838.74036   0.90506
 837.30906   0.90656
 835.87776   0.90796
 834.44647   0.90926
 833.01517   0.91052
 831.58387   0.91171
 830.15257   0.91275
 828.72128   0.91362
 827.28998   0.91422
 825.85868   0.91441
 824.42738   0.91387
 822.99609   0.91218
 821.56479   0.90916
 820.13349   0.90578
 818.70219   0.90418
  817.2709   0.90605
  815.8396   0.91093
  814.4083   0.91662
   812.977   0.92115
 811.54571   0.92404
 810.11441   0.92581
 808.68311   0.92704
 807.25181   0.92809
 805.82052   0.92909
 804.38922   0.93005
 802.95792   0.93092
 801.52662   0.93166
 800.09533   0.93226
 798.66403   0.93272
 797.23273   0.93305
 795.80143   0.93328
 794.37014   0.93344
 792.93884   0.93347
 791.50754   0.93324
 790.07624   0.93253
 788.64494   0.93101
 787.21365   0.92814
 785.78235   0.92261
 784.35105   0.91174
 782.91975   0.89258
 781.48846   0.86657
 780.05716   0.84355
 778.62586   0.83672
 777.19456   0.85071
 775.76327   0.87684
 774.33197   0.90179
 772.90067   0.91847
 771.46937   0.92754
 770.03808   0.93228
 768.60678   0.93496
 767.17548   0.93662
 765.74418   0.93763
 764.31289   0.93815
 762.88159   0.93831
 761.45029   0.93825
 760.01899   0.93805
  758.5877   0.93767
  757.1564     0.937
  755.7251   0.93583
  754.2938   0.93386
 752.86251   0.93051
 751.43121    0.9254
 749.99991   0.91948
 748.56861   0.91533
 747.13732   0.91541
 745.70602    0.9194
 744.27472   0.92419
 742.84342   0.92656
 741.41213    0.9254
 739.98083   0.92112
 738.54953     0.914
 737.11823   0.90293
 735.68694   0.88541
 734.25564   0.85974
 732.82434   0.82803
 731.39304   0.79483
 729.96175   0.76268
 728.53045   0.73246
 727.09915   0.70817
 725.66785   0.69436
 724.23656   0.68705
 722.80526   0.68199
 721.37396   0.68281
 719.94266   0.69929
 718.51137   0.73517
 717.08007   0.78156
 715.64877   0.82416
 714.21747   0.85467
 712.78618   0.87338
 711.35488    0.8844
 709.92358    0.8912
 708.49228   0.89564
 707.06099   0.89848
 705.62969   0.90004
 704.19839   0.90045
 702.76709   0.89968
 701.33579    0.8976
  699.9045   0.89387
  698.4732   0.88795
  697.0419   0.87909
  695.6106   0.86643
 694.17931   0.84919
 692.74801   0.82725
 691.31671   0.80178
 689.88541   0.77574
 688.45412   0.75351
 687.02282   0.73935
 685.59152   0.73546
 684.16022   0.74117
 682.72893   0.75359
 681.29763   0.76905
 679.86633    0.7844
 678.43503   0.79767
 677.00374   0.80813
 675.57244   0.81587
 674.14114   0.82144
 672.70984   0.82566
 671.27855   0.82964
 669.84725   0.83458
 668.41595   0.84095
 666.98465   0.84781
 665.55336   0.85409
 664.12206   0.85996
 662.69076   0.86622
 661.25946   0.87306
 659.82817   0.88005
 658.39687   0.88664
 656.96557   0.89257
 655.53427   0.89782
 654.10298   0.90245
 652.67168   0.90654
 651.24038   0.91013
 649.80908   0.91326
 648.37779   0.91596
 646.94649   0.91826
 645.51519   0.92022
 644.08389   0.92186
  642.6526   0.92321
  641.2213   0.92431
    639.79   0.92524
  638.3587   0.92612
 636.92741   0.92709
 635.49611    0.9282
 634.06481   0.92945
 632.63351   0.93076
 631.20222   0.93206
 629.77092   0.93326
 628.33962   0.93434
 626.90832   0.93528
 625.47703   0.93612
 624.04573   0.93689
 622.61443   0.93762
 621.18313   0.93827
 619.75184   0.93881
 618.32054   0.93927
 616.88924   0.93971
 615.45794   0.94017
 614.02664   0.94066
 612.59535   0.94115
 611.16405   0.94161
 609.73275     0.942
 608.30145   0.94225
 606.87016   0.94237
 605.43886    0.9424
 604.00756   0.94243
 602.57626   0.94255
 601.14497   0.94278
 599.71367   0.94306
 598.28237   0.94326
 596.85107   0.94332
 595.41978   0.94322
 593.98848   0.94296
 592.55718   0.94264
 591.12588   0.94228
 589.69459   0.94185
 588.26329   0.94133
 586.83199   0.94069
 585.40069   0.93991
  583.9694   0.93892
  582.5381   0.93772
  581.1068   0.93637
  579.6755   0.93495
 578.24421   0.93353
 576.81291   0.93207
 575.38161   0.93048
 573.95031   0.92867
 572.51902   0.92652
 571.08772   0.92385
 569.65642   0.92053
 568.22512    0.9165
 566.79383    0.9118
 565.36253   0.90637
 563.93123   0.90002
 562.49993   0.89252
 561.06864   0.88372
 559.63734   0.87348
 558.20604   0.86164
 556.77474   0.84825
 555.34345   0.83385
 553.91215   0.81927
 552.48085   0.80521
 551.04955   0.79198
 549.61826   0.78003
 548.18696   0.77058
 546.75566   0.76552
 545.32436   0.76652
 543.89307   0.77433
 542.46177   0.78852
 541.03047   0.80752
 539.59917   0.82886
 538.16788   0.84985
 536.73658   0.86846
 535.30528   0.88382
 533.87398   0.89597
 532.44269   0.90538
 531.01139   0.91261
 529.58009   0.91821
 528.14879   0.92278
 526.71749   0.92679
  525.2862   0.93035
  523.8549   0.93328
  522.4236   0.93552
  520.9923   0.93726
 519.56101   0.93876
 518.12971   0.94016
 516.69841   0.94147
 515.26711   0.94261
 513.83582   0.94347
 512.40452   0.94398
 510.97322   0.94411
 509.54192    0.9438
 508.11063   0.94288
 506.67933   0.94088
 505.24803   0.93652
 503.81673   0.92756
 502.38544   0.91219
 500.95414   0.89192
 499.52284   0.87265
 498.09154   0.86158
 496.66025   0.86275
 495.22895   0.87479
 493.79765   0.89217
 492.36635   0.90872
 490.93506   0.92081
 489.50376   0.92813
 488.07246    0.9322
 486.64116   0.93451
 485.20987   0.93564
 483.77857   0.93529
 482.34727   0.93265
 480.91597    0.9266
 479.48468   0.91592
 478.05338   0.90025
 476.62208   0.88113
 475.19078   0.86208
 473.75949   0.84732
 472.32819   0.84053
 470.89689    0.8435
 469.46559   0.85532
  468.0343   0.87277
   466.603   0.89155
  465.1717   0.90793
  463.7404    0.9202
 462.30911   0.92859
 460.87781   0.93421
 459.44651   0.93815
 458.01521   0.94113
 456.58392   0.94333
 455.15262   0.94471
 453.72132   0.94539
 452.29002   0.94556
 450.85873   0.94534
 449.42743   0.94472
 447.99613   0.94384
 446.56483   0.94304
 445.13354   0.94274
 443.70224   0.94307
 442.27094   0.94378
 440.83964   0.94448
 439.40834   0.94498
 437.97705   0.94517
 436.54575   0.94488
 435.11445   0.94398
 433.68315   0.94247
 432.25186   0.94033
 430.82056   0.93716
 429.38926    0.9318
 427.95796   0.92209
 426.52667   0.90538
 425.09537   0.88077
 423.66407   0.85234
 422.23277   0.82972
 420.80148   0.82393
 419.37018   0.84009
 417.93888   0.87048
 416.50758    0.8992
 415.07629   0.91764
 413.64499   0.92767
 412.21369   0.93376
 410.78239    0.9383
  409.3511   0.94194
  407.9198   0.94481
  406.4885   0.94701
  405.0572   0.94861
 403.62591   0.94962
 402.19461   0.95016
 400.76331   0.95036
 399.33201   0.95041
